0,
0.0341034,
0.0675964,
0.100479,
0.132751,
0.164413,
0.195465,
0.225906,
0.255737,
0.284958,
0.313568,
0.341568,
0.368958,
0.395737,
0.421906,
0.447464,
0.472412,
0.49675,
0.520477,
0.543594,
0.566101,
0.587997,
0.609283,
0.629959,
0.650024,
0.669479,
0.688324,
0.706558,
0.724182,
0.741196,
0.757599,
0.773392,
0.788574,
0.803146,
0.817108,
0.83046,
0.843201,
0.855331,
0.866852,
0.877762,
0.888062,
0.897751,
0.90683,
0.915298,
0.923157,
0.930405,
0.937042,
0.943069,
0.948486,
0.953293,
0.957489,
0.961075,
0.96405,
0.966415,
0.96817,
0.969315,
0.969849,
0.969772,
0.969086,
0.967789,
0.965881,
0.963364,
0.960236,
0.956497,
0.952148,
0.947189,
0.94223,
0.937271,
0.932312,
0.927353,
0.922394,
0.917435,
0.912476,
0.907516,
0.902557,
0.897598,
0.892639,
0.88768,
0.882721,
0.877762,
0.872803,
0.867844,
0.862885,
0.857925,
0.852966,
0.848007,
0.843048,
0.838089,
0.83313,
0.828171,
0.823212,
0.818253,
0.813293,
0.808334,
0.803375,
0.798416,
0.793457,
0.788498,
0.783539,
0.77858,
0.773621,
0.768661,
0.763702,
0.758743,
0.753784,
0.748825,
0.743866,
0.738907,
0.733948,
0.728989,
0.72403,
0.71907,
0.714111,
0.709152,
0.704193,
0.699234,
0.694275,
0.689316,
0.684357,
0.679398,
0.674438,
0.669479,
0.66452,
0.659561,
0.654602,
0.649643,
0.644684,
0.639725,
0.634766,
0.629807,
0.624847,
0.619888,
0.614929,
0.60997,
0.605011,
0.600052,
0.595093,
0.590134,
0.585175,
0.580215,
0.575256,
0.570297,
0.565338,
0.560379,
0.55542,
0.550461,
0.545502,
0.540543,
0.535583,
0.530624,
0.525665,
0.520706,
0.515747,
0.510788,
0.505829,
0.50087,
0.495911,
0.490952,
0.485992,
0.481033,
0.476074,
0.471115,
0.466156,
0.461197,
0.456238,
0.451279,
0.44632,
0.44136,
0.436401,
0.431442,
0.426483,
0.421524,
0.416565,
0.411606,
0.406647,
0.401688,
0.396729,
0.391769,
0.38681,
0.381851,
0.376892,
0.371933,
0.366974,
0.362015,
0.357056,
0.352097,
0.347137,
0.342178,
0.337219,
0.33226,
0.327301,
0.322342,
0.317383,
0.312424,
0.307465,
0.302505,
0.297546,
0.292587,
0.287628,
0.282669,
0.27771,
0.272751,
0.267792,
0.262833,
0.257874,
0.252914,
0.247955,
0.242996,
0.238037,
0.233078,
0.228119,
0.22316,
0.218201,
0.213242,
0.208282,
0.203323,
0.198364,
0.193405,
0.188446,
0.183487,
0.178528,
0.173569,
0.16861,
0.163651,
0.158691,
0.153732,
0.148773,
0.143814,
0.138855,
0.133896,
0.128937,
0.123978,
0.119019,
0.114059,
0.1091,
0.104141,
0.0991821,
0.094223,
0.0892639,
0.0843048,
0.0793457,
0.0743866,
0.0694275,
0.0644684,
0.0595093,
0.0545502,
0.0495911,
0.044632,
0.0396729,
0.0347137,
0.0297546,
0.0247955,
0.0198364,
0.0148773,
0.00991821,
0.00495911,
0,
