0,
0.0170135,
0.0338745,
0.0505829,
0.0671387,
0.0835419,
0.0997925,
0.115891,
0.131836,
0.147629,
0.163269,
0.178757,
0.194092,
0.209274,
0.224304,
0.239182,
0.253906,
0.268478,
0.282898,
0.297165,
0.311279,
0.325241,
0.33905,
0.352707,
0.366211,
0.379562,
0.392761,
0.405807,
0.418701,
0.431442,
0.444031,
0.456467,
0.46875,
0.480881,
0.492859,
0.504684,
0.516357,
0.527878,
0.539246,
0.550461,
0.561523,
0.572433,
0.583191,
0.593796,
0.604248,
0.614548,
0.624695,
0.634689,
0.644531,
0.654221,
0.663757,
0.673141,
0.682373,
0.691452,
0.700378,
0.709152,
0.717773,
0.726242,
0.734558,
0.742722,
0.750732,
0.758591,
0.766296,
0.773849,
0.78125,
0.788498,
0.795593,
0.802536,
0.809326,
0.815964,
0.822449,
0.828781,
0.834961,
0.840988,
0.846863,
0.852585,
0.858154,
0.863571,
0.868835,
0.873947,
0.878906,
0.883713,
0.888367,
0.892868,
0.897217,
0.901413,
0.905457,
0.909348,
0.913086,
0.916672,
0.920105,
0.923386,
0.926514,
0.929489,
0.932312,
0.934982,
0.9375,
0.939865,
0.942078,
0.944138,
0.946045,
0.9478,
0.949402,
0.950851,
0.952148,
0.953293,
0.954285,
0.955124,
0.955811,
0.956345,
0.956726,
0.956955,
0.957031,
0.956955,
0.956726,
0.956345,
0.955811,
0.955124,
0.954285,
0.953293,
0.952148,
0.950851,
0.949402,
0.9478,
0.946045,
0.944138,
0.942078,
0.939865,
0.9375,
0.935059,
0.932617,
0.930176,
0.927734,
0.925293,
0.922852,
0.92041,
0.917969,
0.915527,
0.913086,
0.910644,
0.908203,
0.905762,
0.90332,
0.900879,
0.898437,
0.895996,
0.893555,
0.891113,
0.888672,
0.88623,
0.883789,
0.881348,
0.878906,
0.876465,
0.874023,
0.871582,
0.869141,
0.866699,
0.864258,
0.861816,
0.859375,
0.856934,
0.854492,
0.852051,
0.849609,
0.847168,
0.844727,
0.842285,
0.839844,
0.837402,
0.834961,
0.832519,
0.830078,
0.827637,
0.825195,
0.822754,
0.820312,
0.817871,
0.81543,
0.812988,
0.810547,
0.808105,
0.805664,
0.803223,
0.800781,
0.79834,
0.795898,
0.793457,
0.791016,
0.788574,
0.786133,
0.783691,
0.78125,
0.778809,
0.776367,
0.773926,
0.771484,
0.769043,
0.766602,
0.76416,
0.761719,
0.759277,
0.756836,
0.754394,
0.751953,
0.749512,
0.74707,
0.744629,
0.742187,
0.739746,
0.737305,
0.734863,
0.732422,
0.72998,
0.727539,
0.725098,
0.722656,
0.720215,
0.717773,
0.715332,
0.712891,
0.710449,
0.708008,
0.705566,
0.703125,
0.700684,
0.698242,
0.695801,
0.693359,
0.690918,
0.688477,
0.686035,
0.683594,
0.681152,
0.678711,
0.676269,
0.673828,
0.671387,
0.668945,
0.666504,
0.664062,
0.661621,
0.65918,
0.656738,
0.654297,
0.651855,
0.649414,
0.646973,
0.644531,
0.64209,
0.639648,
0.637207,
0.634766,
0.632324,
0.629883,
0.627441,
0.625,
0.622559,
0.620117,
0.617676,
0.615234,
0.612793,
0.610352,
0.60791,
0.605469,
0.603027,
0.600586,
0.598144,
0.595703,
0.593262,
0.59082,
0.588379,
0.585937,
0.583496,
0.581055,
0.578613,
0.576172,
0.57373,
0.571289,
0.568848,
0.566406,
0.563965,
0.561523,
0.559082,
0.556641,
0.554199,
0.551758,
0.549316,
0.546875,
0.544434,
0.541992,
0.539551,
0.537109,
0.534668,
0.532227,
0.529785,
0.527344,
0.524902,
0.522461,
0.520019,
0.517578,
0.515137,
0.512695,
0.510254,
0.507812,
0.505371,
0.50293,
0.500488,
0.498047,
0.495605,
0.493164,
0.490723,
0.488281,
0.48584,
0.483398,
0.480957,
0.478516,
0.476074,
0.473633,
0.471191,
0.46875,
0.466309,
0.463867,
0.461426,
0.458984,
0.456543,
0.454102,
0.45166,
0.449219,
0.446777,
0.444336,
0.441894,
0.439453,
0.437012,
0.43457,
0.432129,
0.429687,
0.427246,
0.424805,
0.422363,
0.419922,
0.41748,
0.415039,
0.412598,
0.410156,
0.407715,
0.405273,
0.402832,
0.400391,
0.397949,
0.395508,
0.393066,
0.390625,
0.388184,
0.385742,
0.383301,
0.380859,
0.378418,
0.375977,
0.373535,
0.371094,
0.368652,
0.366211,
0.363769,
0.361328,
0.358887,
0.356445,
0.354004,
0.351562,
0.349121,
0.34668,
0.344238,
0.341797,
0.339355,
0.336914,
0.334473,
0.332031,
0.32959,
0.327148,
0.324707,
0.322266,
0.319824,
0.317383,
0.314941,
0.3125,
0.310059,
0.307617,
0.305176,
0.302734,
0.300293,
0.297852,
0.29541,
0.292969,
0.290527,
0.288086,
0.285644,
0.283203,
0.280762,
0.27832,
0.275879,
0.273437,
0.270996,
0.268555,
0.266113,
0.263672,
0.26123,
0.258789,
0.256348,
0.253906,
0.251465,
0.249023,
0.246582,
0.244141,
0.241699,
0.239258,
0.236816,
0.234375,
0.231934,
0.229492,
0.227051,
0.224609,
0.222168,
0.219727,
0.217285,
0.214844,
0.212402,
0.209961,
0.20752,
0.205078,
0.202637,
0.200195,
0.197754,
0.195312,
0.192871,
0.19043,
0.187988,
0.185547,
0.183105,
0.180664,
0.178223,
0.175781,
0.17334,
0.170898,
0.168457,
0.166016,
0.163574,
0.161133,
0.158691,
0.15625,
0.153809,
0.151367,
0.148926,
0.146484,
0.144043,
0.141602,
0.13916,
0.136719,
0.134277,
0.131836,
0.129395,
0.126953,
0.124512,
0.12207,
0.119629,
0.117187,
0.114746,
0.112305,
0.109863,
0.107422,
0.10498,
0.102539,
0.100098,
0.0976562,
0.0952148,
0.0927734,
0.090332,
0.0878906,
0.0854492,
0.0830078,
0.0805664,
0.078125,
0.0756836,
0.0732422,
0.0708008,
0.0683594,
0.065918,
0.0634766,
0.0610351,
0.0585937,
0.0561523,
0.0537109,
0.0512695,
0.0488281,
0.0463867,
0.0439453,
0.0415039,
0.0390625,
0.0366211,
0.0341797,
0.0317383,
0.0292969,
0.0268555,
0.0244141,
0.0219727,
0.0195312,
0.0170898,
0.0146484,
0.012207,
0.00976562,
0.00732422,
0.00488281,
0.00244141,
0,
