0,
0.0170708,
0.033989,
0.0507545,
0.0673676,
0.083828,
0.100136,
0.116291,
0.132294,
0.148144,
0.163841,
0.179386,
0.194778,
0.210018,
0.225105,
0.24004,
0.254822,
0.269451,
0.283928,
0.298252,
0.312424,
0.326443,
0.340309,
0.354023,
0.367584,
0.380993,
0.394249,
0.407352,
0.420303,
0.433102,
0.445747,
0.458241,
0.470581,
0.482769,
0.494804,
0.506687,
0.518417,
0.529995,
0.54142,
0.552692,
0.563812,
0.57478,
0.585594,
0.596256,
0.606766,
0.617123,
0.627327,
0.637379,
0.647278,
0.657024,
0.666618,
0.67606,
0.685349,
0.694485,
0.703468,
0.712299,
0.720978,
0.729504,
0.737877,
0.746098,
0.754166,
0.762081,
0.769844,
0.777454,
0.784912,
0.792217,
0.79937,
0.80637,
0.813217,
0.819912,
0.826454,
0.832844,
0.839081,
0.845165,
0.851097,
0.856876,
0.862503,
0.867977,
0.873299,
0.878468,
0.883484,
0.888348,
0.893059,
0.897617,
0.902023,
0.906277,
0.910377,
0.914326,
0.918121,
0.921764,
0.925255,
0.928593,
0.931778,
0.934811,
0.937691,
0.940418,
0.942993,
0.945415,
0.947685,
0.949802,
0.951767,
0.953579,
0.955238,
0.956745,
0.958099,
0.959301,
0.96035,
0.961246,
0.96199,
0.962582,
0.96302,
0.963306,
0.96344,
0.963421,
0.963249,
0.962925,
0.962448,
0.961819,
0.961037,
0.960102,
0.959015,
0.957775,
0.956383,
0.954838,
0.95314,
0.95129,
0.949287,
0.947132,
0.944824,
0.942364,
0.939903,
0.937443,
0.934982,
0.932522,
0.930061,
0.927601,
0.92514,
0.92268,
0.920219,
0.917759,
0.915298,
0.912838,
0.910377,
0.907917,
0.905457,
0.902996,
0.900536,
0.898075,
0.895615,
0.893154,
0.890694,
0.888233,
0.885773,
0.883312,
0.880852,
0.878391,
0.875931,
0.87347,
0.87101,
0.868549,
0.866089,
0.863628,
0.861168,
0.858707,
0.856247,
0.853786,
0.851326,
0.848865,
0.846405,
0.843945,
0.841484,
0.839024,
0.836563,
0.834103,
0.831642,
0.829182,
0.826721,
0.824261,
0.8218,
0.81934,
0.816879,
0.814419,
0.811958,
0.809498,
0.807037,
0.804577,
0.802116,
0.799656,
0.797195,
0.794735,
0.792274,
0.789814,
0.787353,
0.784893,
0.782433,
0.779972,
0.777512,
0.775051,
0.772591,
0.77013,
0.76767,
0.765209,
0.762749,
0.760288,
0.757828,
0.755367,
0.752907,
0.750446,
0.747986,
0.745525,
0.743065,
0.740604,
0.738144,
0.735683,
0.733223,
0.730762,
0.728302,
0.725841,
0.723381,
0.720921,
0.71846,
0.716,
0.713539,
0.711079,
0.708618,
0.706158,
0.703697,
0.701237,
0.698776,
0.696316,
0.693855,
0.691395,
0.688934,
0.686474,
0.684013,
0.681553,
0.679092,
0.676632,
0.674171,
0.671711,
0.66925,
0.66679,
0.66433,
0.661869,
0.659409,
0.656948,
0.654488,
0.652027,
0.649567,
0.647106,
0.644646,
0.642185,
0.639725,
0.637264,
0.634804,
0.632343,
0.629883,
0.627422,
0.624962,
0.622501,
0.620041,
0.61758,
0.61512,
0.612659,
0.610199,
0.607738,
0.605278,
0.602818,
0.600357,
0.597897,
0.595436,
0.592976,
0.590515,
0.588055,
0.585594,
0.583134,
0.580673,
0.578213,
0.575752,
0.573292,
0.570831,
0.568371,
0.56591,
0.56345,
0.560989,
0.558529,
0.556068,
0.553608,
0.551147,
0.548687,
0.546226,
0.543766,
0.541306,
0.538845,
0.536385,
0.533924,
0.531464,
0.529003,
0.526543,
0.524082,
0.521622,
0.519161,
0.516701,
0.51424,
0.51178,
0.509319,
0.506859,
0.504398,
0.501938,
0.499477,
0.497017,
0.494556,
0.492096,
0.489635,
0.487175,
0.484714,
0.482254,
0.479794,
0.477333,
0.474873,
0.472412,
0.469952,
0.467491,
0.465031,
0.46257,
0.46011,
0.457649,
0.455189,
0.452728,
0.450268,
0.447807,
0.445347,
0.442886,
0.440426,
0.437965,
0.435505,
0.433044,
0.430584,
0.428123,
0.425663,
0.423202,
0.420742,
0.418282,
0.415821,
0.413361,
0.4109,
0.40844,
0.405979,
0.403519,
0.401058,
0.398598,
0.396137,
0.393677,
0.391216,
0.388756,
0.386295,
0.383835,
0.381374,
0.378914,
0.376453,
0.373993,
0.371532,
0.369072,
0.366611,
0.364151,
0.361691,
0.35923,
0.35677,
0.354309,
0.351849,
0.349388,
0.346928,
0.344467,
0.342007,
0.339546,
0.337086,
0.334625,
0.332165,
0.329704,
0.327244,
0.324783,
0.322323,
0.319862,
0.317402,
0.314941,
0.312481,
0.31002,
0.30756,
0.305099,
0.302639,
0.300179,
0.297718,
0.295258,
0.292797,
0.290337,
0.287876,
0.285416,
0.282955,
0.280495,
0.278034,
0.275574,
0.273113,
0.270653,
0.268192,
0.265732,
0.263271,
0.260811,
0.25835,
0.25589,
0.253429,
0.250969,
0.248508,
0.246048,
0.243587,
0.241127,
0.238667,
0.236206,
0.233746,
0.231285,
0.228825,
0.226364,
0.223904,
0.221443,
0.218983,
0.216522,
0.214062,
0.211601,
0.209141,
0.20668,
0.20422,
0.201759,
0.199299,
0.196838,
0.194378,
0.191917,
0.189457,
0.186996,
0.184536,
0.182075,
0.179615,
0.177155,
0.174694,
0.172234,
0.169773,
0.167313,
0.164852,
0.162392,
0.159931,
0.157471,
0.15501,
0.15255,
0.150089,
0.147629,
0.145168,
0.142708,
0.140247,
0.137787,
0.135326,
0.132866,
0.130405,
0.127945,
0.125484,
0.123024,
0.120563,
0.118103,
0.115643,
0.113182,
0.110722,
0.108261,
0.105801,
0.10334,
0.10088,
0.0984192,
0.0959587,
0.0934982,
0.0910377,
0.0885773,
0.0861168,
0.0836563,
0.0811958,
0.0787353,
0.0762749,
0.0738144,
0.0713539,
0.0688934,
0.0664329,
0.0639725,
0.061512,
0.0590515,
0.056591,
0.0541306,
0.0516701,
0.0492096,
0.0467491,
0.0442886,
0.0418282,
0.0393677,
0.0369072,
0.0344467,
0.0319862,
0.0295258,
0.0270653,
0.0246048,
0.0221443,
0.0196838,
0.0172234,
0.0147629,
0.0123024,
0.00984192,
0.00738144,
0.00492096,
0.00246048,
0,
